TRANSACT_TIME,delta_avg_p, average price,return,avg_minus_open, delta_open_p,delta_avg_p_next,return_next
2022-03-01 10:00:00,-0.12876394772179367,100.18820332618841,-0.0012852206492072684,-0.10989667381159052,-0.015499999999988745,,
2022-03-01 10:30:00,-0.03788986697897201,100.15031345920944,-0.00037832998889618353,-0.016886540790551408,-0.13090000000001112,-0.03788986697897201,-0.00037832998889618353
2022-03-01 11:00:00,-0.0020901222502800465,100.14822333695916,-2.087028786569295e-05,-0.0036766630408351375,-0.015299999999996317,-0.0020901222502800465,-2.087028786569295e-05
2022-03-01 11:30:00,-0.013307719766274317,100.13491561719289,-0.00013289789764390052,0.009415617192885861,-0.026399999999995316,-0.013307719766274317,-0.00013289789764390052
2022-03-01 12:00:00,0.015148393451099196,100.15006401064399,0.00015125695226204965,0.004664010643992356,0.0198999999999927,0.015148393451099196,0.00015125695226204965
2022-03-01 14:00:00,-0.04016149007152592,100.10990252057246,-0.0004011740003769635,-0.02649747942753322,-0.009000000000000341,-0.04016149007152592,-0.0004011740003769635
2022-03-01 14:30:00,0.019058730473759056,100.12896125104622,0.00019034183752265698,0.018361251046215443,-0.02579999999998961,0.019058730473759056,0.00019034183752265698
2022-03-01 15:00:00,-0.01727148334749984,100.11168976769872,-0.00017252214389325515,-0.0030102323012783927,0.004099999999993997,-0.01727148334749984,-0.00017252214389325515
2022-03-01 15:30:00,0.0016482734843918934,100.11333804118311,1.6464074784059757e-05,0.0031380411831065658,-0.004499999999993065,0.0016482734843918934,1.6464074784059757e-05
2022-03-01 16:00:00,-0.023437975601794392,100.08990006558132,-0.00023416923771966267,-0.020399934418676935,9.99999999891088e-05,-0.023437975601794392,-0.00023416923771966267
2022-03-01 16:30:00,0.010165763330661548,100.10006582891198,0.0001015560104429558,-0.0020341710880131814,-0.008200000000002206,0.010165763330661548,0.0001015560104429558
2022-03-01 17:00:00,-0.001196903910354763,100.09886892500163,-1.1957217131509596e-05,0.007368925001628668,-0.010599999999996612,-0.001196903910354763,-1.1957217131509596e-05
2022-03-01 17:30:00,0.014547999392405586,100.11341692439403,0.00014531518191405134,0.0031169243940354363,0.018799999999998818,0.014547999392405586,0.00014531518191405134
2022-03-01 18:00:00,-0.008839730512121946,100.10457719388191,-8.830495827379814e-05,-0.00572280611808651,0.0,-0.008839730512121946,-8.830495827379814e-05
2022-03-01 18:30:00,-0.014677193881908579,100.0899,-0.00014664010936077046,0.0,-0.02039999999999509,-0.014677193881908579,-0.00014664010936077046
2022-03-01 19:30:00,0.042700426515011713,100.13260042651501,0.00042643880547523145,0.006000426515015533,0.03669999999999618,0.042700426515011713,0.00042643880547523145
2022-03-02 09:30:00,-0.1416504206083431,99.99095000590667,-0.0014166324112329719,-0.0786499940933254,-0.05700000000000216,-0.1416504206083431,-0.0014166324112329719
2022-03-02 10:00:00,0.013959267974598788,100.00490927388127,0.00013958582709543634,0.03720927388127393,-0.10190000000000055,0.013959267974598788,0.00013958582709543634
2022-03-02 10:30:00,0.014981677953215922,100.01989095183448,0.00014978698547502405,0.0018909518344827347,0.05030000000000712,0.014981677953215922,0.00014978698547502405
2022-03-02 11:00:00,0.007257100582975795,100.02714805241746,7.255130956220844e-05,-0.002151947582547109,0.011300000000005639,0.007257100582975795,7.255130956220844e-05
2022-03-02 11:30:00,-0.011686492540846416,100.01546155987661,-0.00011684685906138644,-0.002338440123381247,-0.011500000000012278,-0.011686492540846416,-0.00011684685906138644
2022-03-02 12:00:00,0.002614805274987475,100.0180763651516,2.614332698662587e-05,0.005576365151597429,-0.005299999999991201,0.002614805274987475,2.614332698662587e-05
2022-03-02 14:00:00,0.021526995192431286,100.03960336034403,0.00021518473153967586,0.014903360344035832,0.012199999999992883,0.021526995192431286,0.00021518473153967586
2022-03-02 14:30:00,-0.015383180625519799,100.02422017971851,-0.00015379455693711054,-0.0008798202814830347,0.00039999999999906777,-0.015383180625519799,-0.00015379455693711054
2022-03-02 15:00:00,0.017322901494978282,100.04154308121349,0.00017315708016334366,0.009543081213493565,0.0069000000000016826,0.017322901494978282,0.00017315708016334366
2022-03-02 15:30:00,-0.004756422895937362,100.03678665831755,-4.7546738103286426e-05,-0.028613341682444116,0.03340000000000032,-0.004756422895937362,-4.7546738103286426e-05
2022-03-02 16:00:00,0.007817665858439682,100.04460432417599,7.814180396084116e-05,-0.0004956758240126646,-0.02029999999999177,0.007817665858439682,7.814180396084116e-05
2022-03-02 16:30:00,0.025820953724249307,100.07042527790024,0.00025802782043289325,0.01312527790024376,0.012199999999992883,0.025820953724249307,0.00025802782043289325
2022-03-02 17:00:00,0.001281161961500743,100.07170643986174,1.2802439441468498e-05,0.0006064398617411371,0.013800000000003365,0.001281161961500743,1.2802439441468498e-05
2022-03-02 17:30:00,0.01877884393620377,100.09048528379795,0.00018761867207415348,0.012685283797949864,0.006699999999995043,0.01877884393620377,0.00018761867207415348
2022-03-02 18:00:00,0.005896680857134129,100.09638196465508,5.8910029927118635e-05,0.006481964655080219,0.012100000000003774,0.005896680857134129,5.8910029927118635e-05
2022-03-02 20:00:00,-0.012782423814087451,100.08359954084099,-0.0001277174669249515,-0.003800459159009506,-0.0024999999999977263,-0.012782423814087451,-0.0001277174669249515
2022-03-03 09:30:00,-0.05509287875308644,100.0285066620879,-0.0005507717808804133,-0.00029333791209751325,-0.05859999999999843,-0.05509287875308644,-0.0005507717808804133
2022-03-03 10:00:00,-0.00811244989814952,100.02039421218976,-8.110795765250877e-05,-0.0018057878102410996,-0.0066000000000059345,-0.00811244989814952,-8.110795765250877e-05
2022-03-03 10:30:00,0.003184760612114701,100.02357897280187,3.184009855296912e-05,0.003778972801868008,-0.0023999999999944066,0.003184760612114701,3.184009855296912e-05
2022-03-03 11:00:00,-0.015545768261688409,100.00803320454018,-0.0001554451953863908,-0.008966795459812715,-0.0028000000000076852,-0.015545768261688409,-0.0001554451953863908
2022-03-03 11:30:00,-0.02178156979809387,99.98625163474209,-0.00021784564819635118,-0.0034483652579098134,-0.02729999999999677,-0.02178156979809387,-0.00021784564819635118
2022-03-03 12:00:00,0.0014263644081182747,99.98767799915021,1.4265401864121671e-05,-0.001622000849792471,-0.00039999999999906777,0.0014263644081182747,1.4265401864121671e-05
2022-03-03 14:00:00,-0.01074466326817003,99.97693333588204,-0.00010747142275380972,-0.015166664117955975,0.0027999999999934744,-0.01074466326817003,-0.00010747142275380972
2022-03-03 14:30:00,-0.0243939630708212,99.95253937281122,-0.00024405546096067243,-0.015160627188777198,-0.024399999999999977,-0.0243939630708212,-0.00024405546096067243
2022-03-03 15:00:00,-0.024653710599181977,99.92788566221203,-0.0002467150228968052,-0.008514337787971726,-0.03129999999998745,-0.024653710599181977,-0.0002467150228968052
2022-03-03 15:30:00,-0.017395361102572338,99.91049030110946,-0.00017410945587541742,0.003790301109461325,-0.02970000000000539,-0.017395361102572338,-0.00017410945587541742
2022-03-03 16:00:00,0.02450010815394421,99.9349904092634,0.00024516045935071395,0.02009040926340333,0.008200000000002206,0.02450010815394421,0.00024516045935071395
2022-03-03 16:30:00,0.013405531829121742,99.94839594109253,0.00013412453199371683,-0.007104058907472677,0.04059999999999775,0.013405531829121742,0.00013412453199371683
2022-03-03 17:00:00,-0.02204393575573249,99.9263520053368,-0.00022060182637864318,-0.004747994663205191,-0.024399999999999977,-0.02204393575573249,-0.00022060182637864318
2022-03-03 17:30:00,0.009175058562618688,99.93552706389941,9.180977808574618e-05,0.012527063899412383,-0.008099999999998886,0.009175058562618688,9.180977808574618e-05
2022-03-03 18:00:00,0.02304852005744351,99.95857558395686,0.0002305807172900806,0.003075583956857031,0.03249999999999886,0.02304852005744351,0.0002305807172900806
2022-03-03 18:30:00,-0.002226420991362943,99.9563491629655,-2.227393267168112e-05,-0.0073508370345081175,0.008200000000002206,-0.002226420991362943,-2.227393267168112e-05
2022-03-03 19:30:00,-0.008149071894266058,99.94820009107123,-8.153295293802942e-05,0.000800091071226916,-0.01630000000000109,-0.008149071894266058,-8.153295293802942e-05
2022-03-03 20:00:00,0.00729990892877197,99.9555,7.303158834453302e-05,0.0,0.008099999999998886,0.00729990892877197,7.303158834453302e-05
2022-03-04 09:30:00,0.031960237537632,99.98746023753763,0.0003196424577812546,-0.016839762462367958,0.048799999999999955,0.031960237537632,0.0003196424577812546
2022-03-04 10:00:00,-0.015278904413122518,99.97218133312451,-0.00015283155983373596,-0.017618666875492295,-0.014499999999998181,-0.015278904413122518,-0.00015283155983373596
2022-03-04 10:30:00,-0.02621832995758666,99.94596300316692,-0.0002623250521559925,-0.016836996833077933,-0.027000000000001023,-0.02621832995758666,-0.0002623250521559925
2022-03-04 11:00:00,0.004790457142959781,99.95075346030988,4.7928174397024985e-05,0.008453460309880256,-0.02049999999999841,0.004790457142959781,4.7928174397024985e-05
2022-03-04 11:30:00,0.03149126190952245,99.9822447222194,0.0003149685426348908,0.012944722219401683,0.027000000000001023,0.03149126190952245,0.0003149685426348908
2022-03-04 12:00:00,0.03896178172264797,100.02120650394205,0.00038953521042672486,0.007106503942054587,0.044799999999995066,0.03896178172264797,0.00038953521042672486
2022-03-04 14:00:00,0.013453872773226294,100.03466037671528,0.00013449211225950147,0.014060376715278267,0.006500000000002615,0.013453872773226294,0.00013449211225950147
2022-03-04 14:30:00,-0.029863668054872505,100.00479670866041,-0.0002986223565042887,-0.020103291339594875,0.004300000000000637,-0.029863668054872505,-0.0002986223565042887
2022-03-04 15:00:00,0.006477472129546413,100.01127418078995,6.476741929951931e-05,0.007874180789954721,-0.021500000000003183,0.006477472129546413,6.476741929951931e-05
2022-03-04 15:30:00,0.016446890778908596,100.02772107156886,0.00016442332788068825,0.007121071568860771,0.017200000000002547,0.016446890778908596,0.00016442332788068825
2022-03-04 16:00:00,0.01858879956633075,100.0463098711352,0.00018580195101922383,0.0013098711351915426,0.024399999999999977,0.01858879956633075,0.00018580195101922383
2022-03-04 16:30:00,-0.00398224789941537,100.04232762323578,-3.980563021696883e-05,-0.004272376764220098,0.001599999999996271,-0.00398224789941537,-3.980563021696883e-05
2022-03-04 17:00:00,-0.014822956019628464,100.02750466721615,-0.00014818880135961907,-0.013395332783844083,-0.005700000000004479,-0.014822956019628464,-0.00014818880135961907
2022-03-04 17:30:00,-0.03398215153404749,99.9935225156821,-0.00033984352865174867,-0.008377484317904305,-0.03899999999998727,-0.03398215153404749,-0.00033984352865174867
2022-03-04 18:00:00,-0.013355824750945544,99.98016669093116,-0.00013358474178416232,0.00026669093115572196,-0.02200000000000557,-0.013355824750945544,-0.00013358474178416232
2022-03-04 18:30:00,-0.008366690931154608,99.9718,-8.369051003537606e-05,0.0,-0.008099999999998886,-0.008366690931154608,-8.369051003537606e-05
2022-03-07 09:30:00,-0.06234188861985501,99.90945811138015,-0.0006239838529637064,-0.058241888619846804,-0.004100000000008208,-0.06234188861985501,-0.0006239838529637064
2022-03-07 10:00:00,0.012676410552387551,99.92213452193253,0.0001268628879180431,0.02343452193252915,-0.0689999999999884,0.012676410552387551,0.0001268628879180431
2022-03-07 10:30:00,-0.035018098109830476,99.8871164238227,-0.00035057672464232625,-0.02868357617730055,0.017099999999999227,-0.035018098109830476,-0.00035057672464232625
2022-03-07 11:00:00,-0.003945214894500282,99.8831712089282,-3.9498294324756414e-05,0.00887120892819837,-0.041499999999999204,-0.003945214894500282,-3.9498294324756414e-05
2022-03-07 11:30:00,0.014125975694824433,99.89729718462303,0.0001414049838477393,0.00919718462303365,0.013799999999989154,0.014125975694824433,0.0001414049838477393
2022-03-07 12:00:00,-0.01407176451914438,99.88322542010388,-0.00014088215974163067,0.0008254201038795372,-0.005699999999990268,-0.01407176451914438,-0.00014088215974163067
2022-03-07 14:00:00,0.06653182728911133,99.949757247393,0.000665652715138002,0.022657247392999125,0.044699999999991746,0.06653182728911133,0.000665652715138002
2022-03-07 14:30:00,0.0014329029371680235,99.95119015033016,1.4336026764792759e-05,-0.024609849669843697,0.048700000000010846,0.0014329029371680235,1.4336026764792759e-05
2022-03-07 15:00:00,0.004291410122263528,99.95548156045243,4.2933214419742565e-05,-0.0016184395475704605,-0.01870000000000971,0.004291410122263528,4.2933214419742565e-05
2022-03-07 15:30:00,-0.01853141534034819,99.93695014511208,-0.00018543106742240884,0.005850145112077598,-0.02599999999999625,-0.01853141534034819,-0.00018543106742240884
2022-03-07 16:00:00,-0.002050676212405733,99.93489946889967,-2.05201208317012e-05,-0.012500531100329226,0.01630000000000109,-0.002050676212405733,-2.05201208317012e-05
2022-03-07 16:30:00,0.012321906546574724,99.94722137544625,0.00012328413313550916,0.007921375446244383,-0.008099999999998886,0.012321906546574724,0.00012328413313550916
2022-03-07 17:00:00,0.013342696601299053,99.96056407204755,0.00013347960493382345,0.01726407204755276,0.003999999999990678,0.013342696601299053,0.00013347960493382345
2022-03-07 17:30:00,-0.0034250478364299397,99.95713902421112,-3.4265164748266175e-05,0.001639024211115725,0.012200000000007094,-0.0034250478364299397,-3.4265164748266175e-05
2022-03-07 18:00:00,0.004279759258125182,99.96141878346924,4.28141107860399e-05,0.004318783469244636,0.001599999999996271,0.004279759258125182,4.28141107860399e-05
2022-03-07 18:30:00,-0.014018783469239793,99.9474,-0.00014026161230046798,0.0,-0.009699999999995157,-0.014018783469239793,-0.00014026161230046798
2022-03-08 09:30:00,0.019879126213595555,99.9672791262136,0.00019885632966460138,-0.008520873786409311,0.028400000000004866,0.019879126213595555,0.00019885632966460138
2022-03-08 10:00:00,0.015444863358695216,99.98272398957229,0.0001544753207594748,0.015023989572299001,-0.008100000000013097,0.015444863358695216,0.0001544753207594748
2022-03-08 10:30:00,-0.0017403321473921096,99.9809836574249,-1.740663157861287e-05,-0.011116342575093086,0.024399999999999977,-0.0017403321473921096,-1.740663157861287e-05
2022-03-08 11:00:00,-0.007964387291465869,99.97301927013343,-7.966536721218341e-05,-0.0027807298665720737,-0.01629999999998688,-0.007964387291465869,-7.966536721218341e-05
2022-03-08 11:30:00,0.006490031540039354,99.97950930167347,6.49136166537549e-05,0.011809301673480377,-0.008100000000013097,0.006490031540039354,6.49136166537549e-05
2022-03-08 12:00:00,0.008231715571071163,99.98774101724455,8.232724819387076e-05,-0.0035589827554503017,0.02360000000000184,0.008231715571071163,8.232724819387076e-05
2022-03-08 14:00:00,-0.03858444076219314,99.94915657648235,-0.00038604068392180817,-0.030743423517648694,-0.011399999999994748,-0.03858444076219314,-0.00038604068392180817
2022-03-08 14:30:00,0.013391970642274487,99.96254854712463,0.00013396988008925368,0.006248547124627635,-0.02360000000000184,0.013391970642274487,0.00013396988008925368
2022-03-08 15:00:00,-0.013129784003552913,99.94941876312107,-0.00013136428571606148,-0.0024812368789213224,-0.004400000000003956,-0.013129784003552913,-0.00013136428571606148
2022-03-08 15:30:00,0.009588795182352783,99.95900755830343,9.592727475570317e-05,-0.0037924416965751107,0.010900000000006571,0.009588795182352783,9.592727475570317e-05
2022-03-08 16:00:00,-0.033364858145617404,99.92564270015781,-0.00033389685814414795,-0.015257299842190264,-0.02190000000000225,-0.033364858145617404,-0.00033389685814414795
2022-03-08 16:30:00,-0.01764585701472754,99.90799684314308,-0.00017662106710468608,-0.02640315685691519,-0.006500000000002615,-0.01764585701472754,-0.00017662106710468608
2022-03-08 17:00:00,-0.004914069562317991,99.90308277358076,-4.918836762480276e-05,-0.011817226419239546,-0.019499999999993634,-0.004914069562317991,-4.918836762480276e-05
2022-03-08 17:30:00,-0.002489852962526129,99.90059292061824,-2.4923305155001282e-05,0.0010929206182339612,-0.015399999999999636,-0.002489852962526129,-2.4923305155001282e-05
2022-03-08 18:00:00,-0.009917909890162946,99.89067501072807,-9.928764510899322e-05,7.501072806803677e-05,-0.008899999999997021,-0.009917909890162946,-9.928764510899322e-05
2022-03-08 18:30:00,-0.002395605855042504,99.88827940487303,-2.3982852335783e-05,-0.006320595126965145,0.003999999999990678,-0.002395605855042504,-2.3982852335783e-05
2022-03-09 09:30:00,-0.06230875398546232,99.82597065088757,-0.0006241737854307387,0.00027065088757183275,-0.0688999999999993,-0.06230875398546232,-0.0006241737854307387
2022-03-09 10:00:00,-0.015233470446361252,99.81073718044121,-0.00015262356412438545,-0.004462819558796127,-0.010499999999993292,-0.015233470446361252,-0.00015262356412438545
2022-03-09 10:30:00,-0.0016465925923228042,99.80909058784889,-1.6497421052779998e-05,-0.004009412151120273,-0.0020999999999986585,-0.0016465925923228042,-1.6497421052779998e-05
2022-03-09 11:00:00,0.001858263310282382,99.81094885115917,1.861783032494236e-05,0.003948851159165656,-0.006100000000003547,0.001858263310282382,1.861783032494236e-05
2022-03-09 11:30:00,-0.0017022409428903984,99.80924661021628,-1.7054942309484985e-05,-0.00925338978372281,0.011499999999998067,-0.0017022409428903984,-1.7054942309484985e-05
2022-03-09 12:00:00,-0.017469501062578274,99.7917771091537,-0.00017505952462866633,-0.009422890846295218,-0.017300000000005866,-0.017469501062578274,-0.00017505952462866633
2022-03-09 14:00:00,-0.004781865621524162,99.78699524353217,-4.7920729648727494e-05,0.041595243532171366,-0.055799999999990746,-0.004781865621524162,-4.7920729648727494e-05
2022-03-09 14:30:00,0.0284754669892493,99.81547071052142,0.0002852810970739402,-0.0038292894785740828,0.07389999999999475,0.0284754669892493,0.0002852810970739402
2022-03-09 15:00:00,-0.04072056129955115,99.77475014922187,-0.0004081249137547324,-0.024249850778133464,-0.02029999999999177,-0.04072056129955115,-0.0004081249137547324
2022-03-09 15:30:00,0.011216819029300495,99.78596696825117,0.00011240878221753708,6.696825117558092e-05,-0.01310000000000855,0.011216819029300495,0.00011240878221753708
2022-03-09 16:00:00,0.004446890883770038,99.79041385913494,4.456230525356183e-05,0.0012138591349497574,0.003299999999995862,0.004446890883770038,4.456230525356183e-05
2022-03-09 16:30:00,0.009921242598011304,99.80033510173295,9.941091468177875e-05,0.015235101732955059,-0.004099999999993997,0.009921242598011304,9.941091468177875e-05
2022-03-09 17:00:00,0.026244803097199565,99.82657990483015,0.00026290395926836416,0.0016799048301550101,0.03979999999999961,0.026244803097199565,0.00026290395926836416
2022-03-09 17:30:00,-0.025530440084551742,99.8010494647456,-0.00025581334286039033,-0.004350535254403098,-0.019499999999993634,-0.025530440084551742,-0.00025581334286039033
2022-03-09 18:00:00,-0.01594946474560288,99.7851,-0.00015983813961806804,0.0,-0.02030000000000598,-0.01594946474560288,-0.00015983813961806804
2022-03-09 18:30:00,-0.02020000000000266,99.7649,-0.00020247602112569312,0.0,-0.02020000000000266,-0.02020000000000266,-0.00020247602112569312
2022-03-10 09:30:00,-0.6717705179282802,99.09312948207172,-0.006779183596677299,0.020329482071716143,-0.6920999999999964,-0.6717705179282802,-0.006779183596677299
2022-03-10 10:00:00,-0.002123003598924811,99.09100647847279,-2.1424785905126784e-05,-0.002693521527206144,0.020899999999997476,-0.002123003598924811,-2.1424785905126784e-05
2022-03-10 10:30:00,-0.001487525955980118,99.08951895251681,-1.5011940432296708e-05,-0.004181047483186262,0.0,-0.001487525955980118,-1.5011940432296708e-05
2022-03-10 11:00:00,0.00335207274321192,99.09287102526002,3.382758727777132e-05,0.0116710252600285,-0.012500000000002842,0.00335207274321192,3.382758727777132e-05
2022-03-10 11:30:00,0.0022224541214228566,99.09509347938145,2.242748902482522e-05,-0.0027065206185596935,0.01660000000001105,0.0022224541214228566,2.242748902482522e-05
2022-03-10 12:00:00,-0.0013934793814485147,99.0937,-1.4062239894650364e-05,0.0,-0.004100000000008208,-0.0013934793814485147,-1.4062239894650364e-05
2022-03-10 14:00:00,-0.010147156172720884,99.08355284382728,-0.0001024100961409261,-0.017647156172728273,0.00750000000000739,-0.010147156172720884,-0.0001024100961409261
2022-03-10 14:30:00,-0.06799082284315716,99.01556202098412,-0.0006866680495006233,-0.03643797901588641,-0.04919999999999902,-0.06799082284315716,-0.0006866680495006233
2022-03-10 15:00:00,-0.026791763402599145,98.98877025758152,-0.00027065457357317935,-0.02572974241847703,-0.037500000000008527,-0.026791763402599145,-0.00027065457357317935
2022-03-10 15:30:00,-0.011264931558415014,98.9775053260231,-0.0001138130479376029,-0.01209467397688968,-0.024900000000002365,-0.011264931558415014,-0.0001138130479376029
2022-03-10 16:00:00,-0.017413352657484893,98.96009197336562,-0.00017596338392825633,-0.008708026634380417,-0.020799999999994156,-0.017413352657484893,-0.00017596338392825633
2022-03-10 16:30:00,-0.02698734664039648,98.93310462672522,-0.00027278378397422974,0.026404626725224034,-0.06210000000000093,-0.02698734664039648,-0.00027278378397422974
2022-03-10 17:00:00,0.03855048608409106,98.97165511280932,0.0003895103708243604,0.007055112809311481,0.057900000000003615,0.03855048608409106,0.0003895103708243604
2022-03-10 17:30:00,0.010820759283703296,98.98247587209302,0.00010931994970186522,-0.0021241279069812435,0.01999999999999602,0.010820759283703296,0.00010931994970186522
2022-03-10 18:00:00,-0.01357587209301414,98.9689,-0.00013717311289722467,0.0,-0.015699999999995384,-0.01357587209301414,-0.00013717311289722467
2022-03-11 09:30:00,-0.0013528089887699934,98.96754719101123,-1.3669218114085613e-05,0.019247191011231735,-0.020600000000001728,-0.0013528089887699934,-1.3669218114085613e-05
2022-03-11 10:00:00,-0.007425808658297228,98.96012138235294,-7.50383948055811e-05,-0.00907861764706297,0.020899999999997476,-0.007425808658297228,-7.50383948055811e-05
2022-03-11 10:30:00,-0.033365200912086834,98.92675618144085,-0.0003372717574090063,-0.03814381855914917,-0.004300000000000637,-0.033365200912086834,-0.0003372717574090063
2022-03-11 11:00:00,0.023595137569216718,98.95035131901007,0.0002384543081928774,0.043451319010074485,-0.058000000000006935,0.023595137569216718,0.0002384543081928774
2022-03-11 11:30:00,0.026525094335625,98.97687641334569,0.0002679928413264055,0.036776413345691594,0.03320000000000789,0.026525094335625,0.0002679928413264055
2022-03-11 12:00:00,-0.006861244074855222,98.97001516927084,-6.932649311127484e-05,-0.0008848307291628998,0.030799999999999272,-0.006861244074855222,-6.932649311127484e-05
2022-03-11 14:00:00,-0.019808704624367124,98.95020646464647,-0.00020018861336529395,0.0050064646464704765,-0.0257000000000005,-0.019808704624367124,-0.00020018861336529395
2022-03-11 14:30:00,0.08204992049878967,99.03225638514526,0.0008285171265783365,0.07135638514526477,0.015699999999995384,0.08204992049878967,0.0008285171265783365
2022-03-11 15:00:00,0.1678309663291202,99.20008735147438,0.0016918429288724389,0.04438735147438422,0.19480000000000075,0.1678309663291202,0.0016918429288724389
2022-03-11 15:30:00,0.10724171629715329,99.30732906777153,0.001079897297650277,0.026529067771534187,0.12510000000000332,0.10724171629715329,0.001079897297650277
2022-03-11 16:00:00,0.07201729604081208,99.37934636381235,0.0007246706551798797,0.01414636381234402,0.08440000000000225,0.07201729604081208,0.0007246706551798797
2022-03-11 16:30:00,0.19834767640844575,99.57769404022079,0.0019918886284746706,0.17159404022079627,0.0408999999999935,0.19834767640844575,0.0019918886284746706
2022-03-11 17:00:00,0.008915673561688209,99.58660971378248,8.952683083912944e-05,-0.029590286217526796,0.21010000000001128,0.008915673561688209,8.952683083912944e-05
2022-03-11 17:30:00,0.008656776306381175,99.59526649008886,8.69195556321208e-05,-3.35099111339332e-05,-0.020900000000011687,0.008656776306381175,8.69195556321208e-05
2022-03-11 18:00:00,0.02439331185810545,99.61965980194697,0.00024486443646366184,0.003559801946963148,0.020800000000008367,0.02439331185810545,0.00024486443646366184
2022-03-14 09:30:00,0.33569881874268503,99.95535862068965,0.0033584874625540995,0.0032586206896496606,0.3359999999999985,0.33569881874268503,0.0033584874625540995
2022-03-14 10:00:00,0.012047333776195046,99.96740595446585,0.00012051261769943781,0.015305954465844707,0.0,0.012047333776195046,0.00012051261769943781
2022-03-14 10:30:00,-0.024911884384977157,99.94249407008087,-0.00024926218438683993,-0.02640592991913593,0.01680000000000348,-0.024911884384977157,-0.00024926218438683993
2022-03-14 11:00:00,0.009535878958729427,99.9520299490396,9.540455520104276e-05,0.020929949039597773,-0.037800000000004275,0.009535878958729427,9.540455520104276e-05
2022-03-14 11:30:00,-0.006493282372929343,99.94553666666667,-6.496820758074882e-05,-0.006563333333332366,0.021000000000000796,-0.006493282372929343,-6.496820758074882e-05
2022-03-14 12:00:00,-0.031094561403506304,99.91444210526316,-0.00031121188036807687,-0.004157894736835033,-0.03350000000000364,-0.031094561403506304,-0.00031121188036807687
2022-03-14 14:00:00,-0.1110256954558082,99.80341640980735,-0.0011124438365909292,0.01771640980734901,-0.13289999999999225,-0.1110256954558082,-0.0011124438365909292
2022-03-14 14:30:00,0.022071816917588194,99.82548822672494,0.00022110402172497665,0.000288226724947549,0.039499999999989654,0.022071816917588194,0.00022110402172497665
2022-03-14 15:00:00,0.0303600954227079,99.85584832214765,0.0003040392318811651,0.029848322147657314,0.0007999999999981355,0.0303600954227079,0.0003040392318811651
2022-03-14 15:30:00,0.04453717106501642,99.90038549321267,0.00044581580786835225,0.032385493212672145,0.04200000000000159,0.04453717106501642,0.00044581580786835225
2022-03-14 16:00:00,-0.013489726016899795,99.88689576719577,-0.00013505000744381933,-0.0021042328042284453,0.021000000000000796,-0.013489726016899795,-0.00013505000744381933
2022-03-14 16:30:00,-0.002491746616499313,99.88440402057927,-2.4946303088377402e-05,-0.004595979420727758,0.0,-0.002491746616499313,-2.4946303088377402e-05
2022-03-14 17:00:00,-0.0006616090458493318,99.88374241153342,-6.623791118312532e-06,-0.00525758846657709,0.0,-0.0006616090458493318,-6.623791118312532e-06
2022-03-14 17:30:00,0.018685020111590234,99.90242743164501,0.00018703269371882732,-0.003372568354990335,0.01680000000000348,0.018685020111590234,0.00018703269371882732
2022-03-14 18:00:00,0.004809923343387368,99.9072373549884,4.8143892982415724e-05,0.00563735498839435,-0.004199999999997317,0.004809923343387368,4.8143892982415724e-05
2022-03-14 19:00:00,0.011262645011598238,99.9185,0.00011271831554315005,0.0,0.016899999999992588,0.011262645011598238,0.00011271831554315005
2022-03-15 09:30:00,-0.2810427390790977,99.6374572609209,-0.002820653465123365,-0.1465427390791092,-0.13449999999998852,-0.2810427390790977,-0.002820653465123365
2022-03-15 10:00:00,0.08462339350262482,99.72208065442352,0.0008485923372966753,0.08498065442351788,-0.14690000000000225,0.08462339350262482,0.0008485923372966753
2022-03-15 10:30:00,-0.0933744516074313,99.62870620281609,-0.0009372243720333687,-0.0987937971839159,0.09040000000000248,-0.0933744516074313,-0.0009372243720333687
2022-03-15 11:00:00,-0.04859154787101261,99.58011465494508,-0.000487964369587112,0.014114654945075245,-0.16150000000000375,-0.04859154787101261,-0.000487964369587112
2022-03-15 11:30:00,0.004452718727549154,99.58456737367263,4.471293941400732e-05,-0.011432626327376738,0.030000000000001137,0.004452718727549154,4.471293941400732e-05
2022-03-15 12:00:00,-0.010167373672629765,99.5744,-0.00010210830969234828,0.0,-0.021600000000006503,-0.010167373672629765,-0.00010210830969234828
2022-03-15 14:00:00,-0.014235885203405019,99.56016411479659,-0.00014298776352950274,-0.022535885203410544,0.008300000000005525,-0.014235885203405019,-0.00014298776352950274
2022-03-15 14:30:00,-0.008176963706915785,99.55198715108968,-8.213762417927066e-05,0.0010871510896777181,-0.03180000000000405,-0.008176963706915785,-8.213762417927066e-05
2022-03-15 15:00:00,-0.06628179575683646,99.48570535533284,-0.0006662444169250038,-0.07189464466715378,0.006699999999995043,-0.06628179575683646,-0.0006662444169250038
2022-03-15 15:30:00,-0.06354016373119009,99.42216519160165,-0.000639094548069221,0.013365191601650395,-0.14879999999999427,-0.06354016373119009,-0.000639094548069221
2022-03-15 16:00:00,0.0030380951631627795,99.42520328676481,3.0556589906084725e-05,-0.0027967132351847113,0.019199999999997885,0.0030380951631627795,3.0556589906084725e-05
2022-03-15 16:30:00,0.001219744295866576,99.42642303106068,1.2267808281562434e-05,-0.0015769689393181352,0.0,0.001219744295866576,1.2267808281562434e-05
2022-03-15 17:00:00,0.0006234670268696618,99.42704649808755,6.270597878834247e-06,-0.009253501912453999,0.008300000000005525,0.0006234670268696618,6.270597878834247e-06
2022-03-15 17:30:00,0.001955210883650693,99.4290017089712,1.966439217979476e-05,0.0069017089711991275,-0.014200000000002433,0.001955210883650693,1.966439217979476e-05
2022-03-15 18:00:00,-0.001601708971193716,99.4274,-1.6109331745511962e-05,0.0,0.0053000000000054115,-0.001601708971193716,-1.6109331745511962e-05
2022-03-15 18:30:00,-0.02030000000000598,99.4071,-0.00020421076562947697,0.0,-0.02030000000000598,-0.02030000000000598,-0.00020421076562947697
2022-03-16 09:30:00,-0.06233427672955827,99.34476572327044,-0.0006274540613764529,0.00026572327044505073,-0.06260000000000332,-0.06233427672955827,-0.0006274540613764529
2022-03-16 10:00:00,-0.06615527642178165,99.27861044684866,-0.0006663598143046086,-0.057589553151345285,-0.008299999999991314,-0.06615527642178165,-0.0006663598143046086
2022-03-16 10:30:00,-0.01795181396391854,99.26065863288474,-0.0001808552775205056,-0.005441367115253115,-0.07010000000001071,-0.01795181396391854,-0.0001808552775205056
2022-03-16 11:00:00,0.003231776323573854,99.26389040920832,3.255742153819567e-05,0.009490409208311235,-0.011699999999990496,0.003231776323573854,3.255742153819567e-05
2022-03-16 11:30:00,-0.024007072190684653,99.23988333701763,-0.0002419095164507286,-0.008916662982372259,-0.00560000000000116,-0.024007072190684653,-0.0002419095164507286
2022-03-16 12:00:00,0.042478374341826,99.28236171135946,0.00042785418889733975,-0.006938288640540691,0.04049999999999443,0.042478374341826,0.00042785418889733975
2022-03-16 14:00:00,0.33695550676613095,99.61931721812559,0.003382431401615975,0.2840172181255838,0.04600000000000648,0.33695550676613095,0.003382431401615975
2022-03-16 14:30:00,-0.06646172911602832,99.55285548900956,-0.0006676024388207084,-0.0006445109904404944,0.21819999999999595,-0.06646172911602832,-0.0006676024388207084
2022-03-16 15:00:00,0.002299385282739763,99.5551548742923,2.309659691296933e-05,-0.01504512570770089,0.01670000000000016,0.002299385282739763,2.309659691296933e-05
2022-03-16 15:30:00,-0.004410677409779851,99.55074419688252,-4.4305820567818247e-05,-0.002755803117480582,-0.01670000000000016,-0.004410677409779851,-4.4305820567818247e-05
2022-03-16 16:00:00,0.028052938986363074,99.57879713586888,0.00028171598566396254,0.025297135868882492,0.0,0.028052938986363074,0.00028171598566396254
2022-03-16 16:30:00,0.10759203349797986,99.68638916936686,0.0010793051528346696,0.03658916936686296,0.09629999999999939,0.10759203349797986,0.0010793051528346696
2022-03-16 17:00:00,0.0039894558141782,99.69037862518104,4.0018463859766036e-05,-0.009721374818965955,0.05030000000000712,0.0039894558141782,4.0018463859766036e-05
2022-03-16 17:30:00,-0.014026433634683144,99.67635219154636,-0.00014071977280758413,-0.0028478084536374126,-0.020900000000011687,-0.014026433634683144,-0.00014071977280758413
2022-03-16 18:00:00,-0.017752674554813552,99.65859951699154,-0.00017813489895356964,-0.0004004830084625155,-0.02019999999998845,-0.017752674554813552,-0.00017813489895356964
2022-03-17 09:30:00,-0.03348786863989517,99.62511164835165,-0.0003361388317244535,0.09251164835164616,-0.12640000000000384,-0.03348786863989517,-0.0003361388317244535
2022-03-17 10:00:00,-0.03750593142720504,99.58760571692444,-0.0003766124424540823,0.0023057169244395936,0.05270000000000152,-0.03750593142720504,-0.0003766124424540823
2022-03-17 10:30:00,-0.009024906788837939,99.5785808101356,-9.063100433260381e-05,-0.03341918986438941,0.026699999999991064,-0.009024906788837939,-9.063100433260381e-05
2022-03-17 11:00:00,-0.014672310032494806,99.56390850010311,-0.0001473657498337323,0.010308500103107576,-0.05839999999999179,-0.014672310032494806,-0.0001473657498337323
2022-03-17 11:30:00,-0.0009262531902436422,99.56298224691287,-9.303188487730964e-06,-0.010417753087139658,0.019800000000003593,-0.0009262531902436422,-9.303188487730964e-06
2022-03-17 12:00:00,-0.022166444834240906,99.54081580207863,-0.00022268699181967147,-0.0026841979213685363,-0.029900000000012028,-0.022166444834240906,-0.00022268699181967147
2022-03-17 14:00:00,0.012843595516088158,99.55365939759471,0.00012901178714881542,-0.008240602405280129,0.01839999999999975,0.012843595516088158,0.00012901178714881542
2022-03-17 14:30:00,0.015175367453153399,99.56883476504787,0.00015241081698869576,-0.0004652349521307997,0.00740000000000407,0.015175367453153399,0.00015241081698869576
2022-03-17 15:00:00,-0.010150021765284123,99.55868474328258,-0.00010195013917124859,-0.0009152567174197657,-0.009699999999995157,-0.010150021765284123,-0.00010195013917124859
2022-03-17 15:30:00,0.0019938120934597237,99.56067855537604,2.0026099885917887e-05,0.015178555376039071,-0.014099999999999113,0.0019938120934597237,2.0026099885917887e-05
2022-03-17 16:00:00,0.01984409480535021,99.5805226501814,0.00019927686938399556,0.006122650181396239,0.028899999999993042,0.01984409480535021,0.00019927686938399556
2022-03-17 16:30:00,0.03446315554030832,99.6149858057217,0.0003459635642324091,0.011285805721698239,0.02930000000000632,0.03446315554030832,0.0003459635642324091
2022-03-17 17:00:00,0.02223392528615875,99.63721973100786,0.00022314879265182251,0.005019731007863015,0.028499999999993975,0.02223392528615875,0.00022314879265182251
2022-03-17 17:30:00,-0.0070133663421927395,99.63020636466567,-7.039397586433249e-05,-0.011193635334336705,0.00920000000000698,-0.0070133663421927395,-7.039397586433249e-05
2022-03-17 18:00:00,-0.007673990498091143,99.62253237416758,-7.703067082523825e-05,-0.002067625832424369,-0.01680000000000348,-0.007673990498091143,-7.703067082523825e-05
2022-03-17 18:30:00,-0.009632374167580338,99.6129,-9.669805986554289e-05,0.0,-0.011700000000004707,-0.009632374167580338,-9.669805986554289e-05
2022-03-18 09:30:00,0.027589640068555354,99.64048964006855,0.00027689185559221397,0.003289640068544486,0.02430000000001087,0.027589640068555354,0.00027689185559221397
2022-03-18 10:00:00,0.025576412811844307,99.6660660528804,0.00025662107299664145,0.03496605288039234,-0.006100000000003547,0.025576412811844307,0.00025662107299664145
2022-03-18 10:30:00,-0.015662060726910454,99.65040399215349,-0.00015717006755079177,-0.01609600784651377,0.03539999999999566,-0.015662060726910454,-0.00015717006755079177
2022-03-18 11:00:00,0.010140673686663604,99.66054466584015,0.00010175213993326129,0.023344665840141943,-0.02929999999999211,0.010140673686663604,0.00010175213993326129
2022-03-18 11:30:00,0.00420514430180674,99.66474981014196,4.2192894777916974e-05,-0.0023501898580491343,0.029899999999997817,0.00420514430180674,4.2192894777916974e-05
2022-03-18 12:00:00,-0.017018431653852417,99.6477313784881,-0.00017078594182151494,-0.00116862151189423,-0.01820000000000732,-0.017018431653852417,-0.00017078594182151494
2022-03-18 14:00:00,0.04114886343137414,99.68888024191948,0.00041277285221296843,0.04668024191947495,-0.006699999999995043,0.04114886343137414,0.00041277285221296843
2022-03-18 14:30:00,0.007020745688777197,99.69590098760825,7.042160830313217e-05,-0.009499012391742667,0.06319999999999482,0.007020745688777197,7.042160830313217e-05
2022-03-18 15:00:00,-0.005512316706173692,99.69038867090208,-5.529436467913624e-05,-0.006311329097925977,-0.008699999999990382,-0.005512316706173692,-5.529436467913624e-05
2022-03-18 15:30:00,-0.015152152566273003,99.67523651833581,-0.00015201521556947278,0.002036518335813753,-0.023500000000012733,-0.015152152566273003,-0.00015201521556947278
2022-03-18 16:00:00,-0.02614746155873604,99.64908905677707,-0.00026239538972441584,-0.0218109432229312,-0.002299999999991087,-0.02614746155873604,-0.00026239538972441584
2022-03-18 16:30:00,-0.02278286244172989,99.62630619433534,-0.00022868319936793262,-0.010893805664665024,-0.033699999999996066,-0.02278286244172989,-0.00022868319936793262
2022-03-18 17:00:00,-0.007202887056010354,99.61910330727933,-7.230427515285642e-05,-0.005596692720672536,-0.012500000000002842,-0.007202887056010354,-7.230427515285642e-05
2022-03-18 17:30:00,-0.046696300554316394,99.57240700672502,-0.00046896828105363143,-0.0028929932749832687,-0.04940000000000566,-0.046696300554316394,-0.00046896828105363143
2022-03-18 18:00:00,0.0031430889644070703,99.57555009568942,3.1564866690534435e-05,0.001050095689421937,-0.0007999999999981355,0.0031430889644070703,3.1564866690534435e-05
2022-03-18 18:30:00,0.009400855954325493,99.58495095164375,9.440036736966754e-05,0.01045095164374743,0.0,0.009400855954325493,9.440036736966754e-05
2022-03-18 19:00:00,-0.01045095164374743,99.5745,-0.00010495610466281458,0.0,0.0,-0.01045095164374743,-0.00010495610466281458
2022-03-18 19:30:00,0.0,99.5745,0.0,0.0,0.0,0.0,0.0
2022-03-21 09:30:00,-0.03668798283261765,99.53781201716738,-0.00036858337639860956,0.02601201716738899,-0.06270000000000664,-0.03668798283261765,-0.00036858337639860956
2022-03-21 10:00:00,-0.01857632702792955,99.51923569013945,-0.0001866606681523191,-0.013564309860541357,0.021000000000000796,-0.01857632702792955,-0.0001866606681523191
2022-03-21 10:30:00,0.014530350157770044,99.53376604029722,0.0001459841291636377,0.017366040297218888,-0.0163999999999902,0.014530350157770044,0.0001459841291636377
2022-03-21 11:00:00,0.010731904189711372,99.54449794448693,0.00010781011920614882,-0.0024020555130590537,0.030499999999989313,0.010731904189711372,0.00010781011920614882
2022-03-21 11:30:00,0.001952674393649545,99.54645061888058,1.9615710871756477e-05,-0.002949381119421446,0.002500000000011937,0.001952674393649545,1.9615710871756477e-05
2022-03-21 12:00:00,0.0016984188407462852,99.54814903772133,1.7061279965162498e-05,-0.0012509622786751606,0.0,0.0016984188407462852,1.7061279965162498e-05
2022-03-21 14:00:00,-0.015794694446597646,99.53235434327473,-0.0001586890469015101,-0.021245656725270123,0.004199999999997317,-0.015794694446597646,-0.0001586890469015101
2022-03-21 14:30:00,0.00016123860118000266,99.53251558187591,1.6199590680230225e-06,0.004815581875917019,-0.02590000000000714,0.00016123860118000266,1.6199590680230225e-06
2022-03-21 15:00:00,0.004745125846554288,99.53726070772247,4.7671854869381025e-05,-0.005439292277529262,0.015000000000000568,0.004745125846554288,4.7671854869381025e-05
2022-03-21 15:30:00,-0.015550296872234526,99.52171041085023,-0.0001562502976289199,-0.0004895891497653793,-0.02049999999999841,-0.015550296872234526,-0.0001562502976289199
2022-03-21 16:00:00,0.002915909333438549,99.52462632018367,2.9298370074334055e-05,0.0019263201836707822,0.0005000000000023874,0.002915909333438549,2.9298370074334055e-05
2022-03-21 16:30:00,0.008412121156368357,99.53303844134004,8.451586817904745e-05,0.008738441340042868,0.001599999999996271,0.008412121156368357,8.451586817904745e-05
2022-03-21 17:00:00,-0.014497423079291138,99.51854101826075,-0.00014567559904873396,-0.00575898173924827,0.0,-0.014497423079291138,-0.00014567559904873396
2022-03-21 17:30:00,0.0008817857780059057,99.51942280403875,8.86043902949687e-06,-0.004877195961242364,0.0,0.0008817857780059057,8.86043902949687e-06
2022-03-21 18:00:00,-0.007180266595355533,99.5122425374434,-7.21546054260994e-05,-0.0004574625565965107,-0.011600000000001387,-0.007180266595355533,-7.21546054260994e-05
2022-03-21 18:30:00,-0.0004425374434049445,99.5118,-4.447085103524854e-06,0.0,-0.0009000000000014552,-0.0004425374434049445,-4.447085103524854e-06
2022-03-21 19:00:00,0.0,99.5118,0.0,0.0,0.0,0.0,0.0
2022-03-21 19:30:00,0.018801063291149944,99.53060106329114,0.00018889731489910743,0.002101063291149785,0.01670000000000016,0.018801063291149944,0.00018889731489910743
2022-03-21 20:00:00,0.022886339503003228,99.55348740279415,0.0002298898823142672,0.012387402794146851,0.012600000000006162,0.022886339503003228,0.0002298898823142672
2022-03-22 09:30:00,-0.16936945407620385,99.38411794871794,-0.0017041903432055234,-0.0442820512820532,-0.1127000000000038,-0.16936945407620385,-0.0017041903432055234
2022-03-22 10:00:00,0.0019727112825478343,99.38609066000049,1.9848967490797817e-05,0.019290660000493176,-0.061599999999998545,0.0019727112825478343,1.9848967490797817e-05
2022-03-22 10:30:00,-0.009439162565925585,99.37665149743457,-9.498370516307102e-05,-0.020048502565430226,0.029899999999997817,-0.009439162565925585,-9.498370516307102e-05
2022-03-22 11:00:00,-0.008801871082070534,99.3678496263525,-8.857866115818879e-05,-0.002350373647502124,-0.026499999999998636,-0.008801871082070534,-8.857866115818879e-05
2022-03-22 11:30:00,0.0033394585758088624,99.3711890849283,3.360590334643948e-05,-0.002710915071702402,0.0037000000000091404,0.0033394585758088624,3.360590334643948e-05
2022-03-22 12:00:00,0.019563929121616752,99.39075301404992,0.00019683852399076992,0.004153014049919079,0.01269999999999527,0.019563929121616752,0.00019683852399076992
2022-03-22 14:00:00,-0.008098863805301448,99.38265415024462,-8.149172382796051e-05,0.004354150244623156,-0.008300000000005525,-0.008098863805301448,-8.149172382796051e-05
2022-03-22 14:30:00,-0.022694177663339588,99.35995997258128,-0.00022840365142661213,0.0022599725812852967,-0.020600000000001728,-0.022694177663339588,-0.00022840365142661213
2022-03-22 15:00:00,0.012535943069792665,99.37249591565107,0.00012615103358612798,0.010895915651076393,0.003900000000001569,0.012535943069792665,0.00012615103358612798
2022-03-22 15:30:00,-0.010074662324853989,99.36242125332622,-0.00010139308400273845,0.004121253326218266,-0.003299999999995862,-0.010074662324853989,-0.00010139308400273845
2022-03-22 16:00:00,0.01299562928022624,99.37541688260644,0.00013077307937815402,-0.006183117393561588,0.023300000000006094,0.01299562928022624,0.00013077307937815402
2022-03-22 16:30:00,0.026725092454171318,99.40214197506062,0.00026885831555698746,0.019641975060622485,0.0008999999999872443,0.026725092454171318,0.00026885831555698746
2022-03-22 17:00:00,-0.021746596892285197,99.38039537816833,-0.00021882179890242662,-0.026804621831672648,0.024700000000009936,-0.021746596892285197,-0.00021882179890242662
2022-03-22 17:30:00,-0.002534775739221118,99.37786060242911,-2.5506443023177337e-05,0.003860602429114124,-0.03320000000000789,-0.002534775739221118,-2.5506443023177337e-05
2022-03-22 18:00:00,0.0002915916127648188,99.37815219404187,2.934162150604979e-06,0.004052194041875623,0.00010000000000331966,0.0002915916127648188,2.934162150604979e-06
2022-03-22 18:30:00,-0.004052194041875623,99.3741,-4.077716469256701e-05,0.0,0.0,-0.004052194041875623,-4.077716469256701e-05
2022-03-23 09:30:00,0.025749806451614177,99.39984980645161,0.0002590527702179975,0.013149806451608015,0.012600000000006162,0.025749806451614177,0.0002590527702179975
2022-03-23 10:00:00,0.023520303860763647,99.42337011031238,0.00023656715553563878,0.015770110312374186,0.020899999999997476,0.023520303860763647,0.00023656715553563878
2022-03-23 10:30:00,-0.0005608994617603003,99.42280921085062,-5.641557165929344e-06,0.007109210850615,0.008099999999998886,-0.0005608994617603003,-5.641557165929344e-06
2022-03-23 11:00:00,-0.0077184894483508515,99.41509072140227,-7.763901227008789e-05,-0.011609278597731532,0.01099999999999568,-0.0077184894483508515,-7.763901227008789e-05
2022-03-23 11:30:00,-0.00847392092883581,99.40661680047343,-8.524503902838239e-05,-0.0025831995265690466,-0.017499999999998295,-0.00847392092883581,-8.524503902838239e-05
2022-03-23 12:00:00,-0.0010374622821416324,99.40557933819129,-1.0436660487758385e-05,0.004679338191294846,-0.008300000000005525,-0.0010374622821416324,-1.0436660487758385e-05
2022-03-23 14:00:00,0.0018855807945783454,99.40746491898587,1.8968201192083893e-05,-0.025135081014127536,0.03170000000000073,0.0018855807945783454,1.8968201192083893e-05
2022-03-23 14:30:00,0.0174799292113903,99.42494484819726,0.00017581029829162877,0.01324484819726024,-0.020899999999997476,0.0174799292113903,0.00017581029829162877
2022-03-23 15:00:00,0.0002540190368591766,99.42519886723412,2.5548758237675435e-06,-0.015401132765887837,0.028900000000007253,0.0002540190368591766,2.5548758237675435e-06
2022-03-23 15:30:00,0.019381922748948455,99.44458078998306,0.00019490174924545283,0.004180789983067257,-0.0002000000000066393,0.019381922748948455,0.00019490174924545283
2022-03-23 16:00:00,-0.017319922701915402,99.42726086728115,-0.00017419692095344574,-0.009539132718856536,-0.00359999999999161,-0.017319922701915402,-0.00017419692095344574
2022-03-23 16:30:00,-0.013171041945199136,99.41408982533595,-0.00013248667234533652,-0.01351017466404869,-0.00920000000000698,-0.013171041945199136,-0.00013248667234533652
2022-03-23 17:00:00,0.004295438213404168,99.41838526354935,4.320567269340918e-05,-0.001714736450651344,-0.007499999999993179,0.004295438213404168,4.320567269340918e-05
2022-03-23 17:30:00,-0.006789401310470566,99.41159586223888,-6.82958688227788e-05,-0.004304137761110383,-0.004200000000011528,-0.006789401310470566,-6.82958688227788e-05
2022-03-23 18:00:00,0.0009650012665503027,99.41256086350543,9.707035591561315e-06,0.0008608635054372371,-0.004199999999997317,0.0009650012665503027,9.707035591561315e-06
2022-03-23 18:30:00,0.002288162769687574,99.41484902627512,2.3016307846354197e-05,-0.001050973724872506,0.004199999999997317,0.002288162769687574,2.3016307846354197e-05
2022-03-23 19:00:00,-0.007249026275118808,99.4076,-7.29222541849799e-05,0.0,-0.008299999999991314,-0.007249026275118808,-7.29222541849799e-05
2022-03-24 09:30:00,0.0036269260549772753,99.41122692605498,3.648406892387608e-05,-0.0172730739450202,0.020899999999997476,0.0036269260549772753,3.648406892387608e-05
2022-03-24 10:00:00,-0.0008544061500543876,99.41037251990493,-8.594738440229765e-06,0.0025725199049304592,-0.020700000000005048,-0.0008544061500543876,-8.594738440229765e-06
2022-03-24 10:30:00,-0.009016883519450403,99.40135563638547,-9.071187673168723e-05,-0.006044363614520876,-0.00039999999999906777,-0.009016883519450403,-9.071187673168723e-05
2022-03-24 11:00:00,0.005922361197363557,99.40727799758284,5.95767363985921e-05,0.006977997582836792,-0.007099999999994111,0.005922361197363557,5.95767363985921e-05
2022-03-24 11:30:00,0.015363193144949605,99.42264119072779,0.00015452408989495228,0.00344119072778426,0.018900000000002137,0.015363193144949605,0.00015452408989495228
2022-03-24 12:00:00,0.005245734682873149,99.42788692541066,5.2759189047318504e-05,0.0019869254106623657,0.006699999999995043,0.005245734682873149,5.2759189047318504e-05
2022-03-24 14:00:00,0.0385793616288197,99.46646628703948,0.0003878629961326635,0.03386628703948702,0.006699999999995043,0.0385793616288197,0.0003878629961326635
2022-03-24 14:30:00,0.006736791116196628,99.47320307815568,6.77246827057892e-05,0.011603078155673074,0.029000000000010573,0.006736791116196628,6.77246827057892e-05
2022-03-24 15:00:00,-0.002606679809304069,99.47059639834637,-2.62055311186151e-05,0.012896398346370574,-0.003900000000001569,-0.002606679809304069,-2.62055311186151e-05
2022-03-24 15:30:00,0.032124522885155216,99.50272092123153,0.00032285069782750635,0.012520921231526927,0.03249999999999886,0.032124522885155216,0.00032285069782750635
2022-03-24 16:00:00,0.025803946623739193,99.52852486785527,0.0002592618212517394,0.008124867855272555,0.030199999999993565,0.025803946623739193,0.0002592618212517394
2022-03-24 16:30:00,-0.0014041504607433808,99.52712071739452,-1.4108219454378077e-05,0.006820717394518283,-9.99999999891088e-05,-0.0014041504607433808,-1.4108219454378077e-05
2022-03-24 17:00:00,0.002836707441360886,99.52995742483589,2.850104144275498e-05,-0.002842575164109462,0.012499999999988631,0.002836707441360886,2.850104144275498e-05
2022-03-24 17:30:00,-0.00554918216830913,99.52440824266758,-5.57569973667034e-05,-0.004191757332421275,-0.004199999999997317,-0.00554918216830913,-5.57569973667034e-05
2022-03-24 18:00:00,0.0013929327693062987,99.52580117543688,1.3995695114786744e-05,0.0014011754368823404,-0.004199999999997317,0.0013929327693062987,1.3995695114786744e-05
2022-03-24 18:30:00,0.010483596334424305,99.5362847717713,0.00010532436847992014,0.003484771771312012,0.008399999999994634,0.010483596334424305,0.00010532436847992014
2022-03-25 09:30:00,-0.016399952494197123,99.51988481927711,-0.00016479071015786017,0.007884819277109045,-0.020799999999994156,-0.016399952494197123,-0.00016479071015786017
2022-03-25 10:00:00,0.008588816743056782,99.52847363602017,8.629507144323792e-05,0.01227363602016851,0.004199999999997317,0.008588816743056782,8.629507144323792e-05
2022-03-25 10:30:00,-0.0023761771236365803,99.52609745889653,-2.3874915065547728e-05,0.0023974588965245403,0.00750000000000739,-0.0023761771236365803,-2.3874915065547728e-05
2022-03-25 11:00:00,-0.0023673773699499634,99.52373008152658,-2.3787064331398005e-05,-0.011669918473415919,0.011699999999990496,-0.0023673773699499634,-2.3787064331398005e-05
2022-03-25 11:30:00,-0.006806744881799887,99.51692333664478,-6.839786293205733e-05,0.006523336644775668,-0.024999999999991473,-0.006806744881799887,-6.839786293205733e-05
2022-03-25 12:00:00,-0.0013244111997181562,99.51559892544506,-1.330857889636354e-05,0.00189892544506165,0.003299999999995862,-0.0013244111997181562,-1.330857889636354e-05
2022-03-25 14:00:00,0.046972342842977355,99.56257126828804,0.0004717871610246234,0.033871268288038436,0.015000000000000568,0.046972342842977355,0.0004717871610246234
2022-03-25 14:30:00,-0.006507538757915654,99.55606372953012,-6.536556904856215e-05,-0.004336270469877945,0.03170000000000073,-0.006507538757915654,-6.536556904856215e-05
2022-03-25 15:00:00,0.0022672620732748783,99.5583309916034,2.277320291223138e-05,-0.00046900839660679594,-0.001599999999996271,0.0022672620732748783,2.277320291223138e-05
2022-03-25 15:30:00,0.002199955761369665,99.56053094736477,2.2096665620764198e-05,-0.000769052635234857,0.0024999999999977263,0.002199955761369665,2.2096665620764198e-05
2022-03-25 16:00:00,0.004352479149986266,99.56488342651475,4.371500272180476e-05,0.00698342651475059,-0.0033999999999991815,0.004352479149986266,4.371500272180476e-05
2022-03-25 16:30:00,-0.004379229299445342,99.56050419721531,-4.398560789498119e-05,0.0026041972153052484,0.0,-0.004379229299445342,-4.398560789498119e-05
2022-03-25 17:00:00,0.007694937527489287,99.5681991347428,7.728308430160465e-05,0.0028991347428046765,0.007399999999989859,0.007694937527489287,7.728308430160465e-05
2022-03-25 17:30:00,-0.009223345668317506,99.55897578907448,-9.264203046702765e-05,0.0008757890744846009,-0.007199999999997431,-0.009223345668317506,-9.264203046702765e-05
2022-03-25 18:30:00,0.0010239216693150865,99.5599997107438,1.0284468383787996e-05,-0.002100289256205201,0.0040000000000048885,0.0010239216693150865,1.0284468383787996e-05
2022-03-25 19:30:00,-0.0063997107437927525,99.5536,-6.428407153325196e-05,0.0,-0.008499999999997954,-0.0063997107437927525,-6.428407153325196e-05
2022-03-28 09:30:00,0.10036058002147286,99.65396058002148,0.001007090731139421,0.03756058002147711,0.06279999999999575,0.10036058002147286,0.001007090731139421
2022-03-28 10:00:00,-0.003933033107941242,99.65002754691353,-3.9468459816427415e-05,-0.018172453086464202,0.05180000000000007,-0.003933033107941242,-3.9468459816427415e-05
2022-03-28 10:30:00,-0.0062753133855153465,99.64375223352802,-6.297748975578858e-05,-0.007747766471979389,-0.01670000000000016,-0.0062753133855153465,-6.297748975578858e-05
2022-03-28 11:00:00,-0.006661365925964446,99.63709086760205,-6.685628683013318e-05,-0.005209132397951066,-0.00919999999999277,-0.006661365925964446,-6.685628683013318e-05
2022-03-28 11:30:00,0.0012434594590047254,99.63833432706106,1.247972948767983e-05,0.006034327061058775,-0.010000000000005116,0.0012434594590047254,1.247972948767983e-05
2022-03-28 12:00:00,-0.0008871300014163808,99.63744719705964,-8.903580193718176e-06,-0.0023528029403507844,0.007499999999993179,-0.0008871300014163808,-8.903580193718176e-06
2022-03-28 14:00:00,-0.021910160599958317,99.61553703645968,-0.00021994722160599415,-0.015062963540316332,-0.00919999999999277,-0.021910160599958317,-0.00021994722160599415
2022-03-28 14:30:00,-0.004232489143618068,99.61130454731607,-4.249004832185092e-05,-0.0035954526839390155,-0.015699999999995384,-0.004232489143618068,-4.249004832185092e-05
2022-03-28 15:00:00,0.008592565010232533,99.6198971123263,8.625350215473518e-05,0.002697112326302431,0.002299999999991087,0.008592565010232533,8.625350215473518e-05
2022-03-28 15:30:00,-0.0022755701669865402,99.61762154215931,-2.2843048566698543e-05,0.0012215421593140263,-0.0007999999999981355,-0.0022755701669865402,-2.2843048566698543e-05
2022-03-28 16:00:00,0.009745778096586832,99.6273673202559,9.782229881934614e-05,0.005267320255896379,0.005700000000004479,0.009745778096586832,9.782229881934614e-05
2022-03-28 16:30:00,0.01428637074180017,99.6416536909977,0.00014337749538063816,0.004353690997703552,0.015199999999992997,0.01428637074180017,0.00014337749538063816
2022-03-28 17:00:00,-0.004705858982433142,99.63694783201527,-4.723005957957555e-05,-0.0020521679847291807,0.0016999999999995907,-0.004705858982433142,-4.723005957957555e-05
2022-03-28 17:30:00,-0.0022878652773243857,99.63465996673794,-2.2962544139641438e-05,0.0007599667379452058,-0.005099999999998772,-0.0022878652773243857,-2.2962544139641438e-05
2022-03-28 18:00:00,-0.002220255282765038,99.63243971145518,-2.228446165922569e-05,0.00023971145517975856,-0.0016999999999995907,-0.002220255282765038,-2.228446165922569e-05
2022-03-28 18:30:00,0.00906028854481633,99.6415,9.092886543073248e-05,0.0,0.00929999999999609,0.00906028854481633,9.092886543073248e-05
2022-03-29 09:30:00,0.0025726368159268986,99.64407263681592,2.5818262419920154e-05,-0.004927363184080491,0.00750000000000739,0.0025726368159268986,2.5818262419920154e-05
2022-03-29 10:00:00,0.005340379170334586,99.64941301598626,5.359167714794121e-05,0.010413015986259211,-0.010000000000005116,0.005340379170334586,5.359167714794121e-05
2022-03-29 10:30:00,-0.0073190662727427025,99.64209394971351,-7.34535574537045e-05,-0.005406050286481445,0.008499999999997954,-0.0073190662727427025,-7.34535574537045e-05
2022-03-29 11:00:00,-0.011481973375964571,99.63061197633755,-0.0001152454366002646,-0.005888023662450337,-0.01099999999999568,-0.011481973375964571,-0.0001152454366002646
2022-03-29 11:30:00,-0.0019103180602684233,99.62870165827728,-1.9174374738122582e-05,0.0039016582772859465,-0.011700000000004707,-0.0019103180602684233,-1.9174374738122582e-05
2022-03-29 12:00:00,0.007399243388348964,99.63610090166563,7.42626750885358e-05,0.00210090166562793,0.00920000000000698,0.007399243388348964,7.42626750885358e-05
2022-03-29 14:00:00,-0.021924311408454855,99.61417659025717,-0.00022009228163011465,-0.01892340974282547,-0.0009000000000014552,-0.021924311408454855,-0.00022009228163011465
2022-03-29 14:30:00,0.008251764222521274,99.6224283544797,8.283038627767217e-05,0.007728354479695554,-0.01839999999999975,0.008251764222521274,8.283038627767217e-05
2022-03-29 15:00:00,0.005740438780733825,99.62816879326043,5.7618631861495685e-05,0.0017687932604246726,0.011700000000004707,0.005740438780733825,5.7618631861495685e-05
2022-03-29 15:30:00,0.005068659890270055,99.6332374531507,5.087318268317265e-05,0.002637453150697411,0.004199999999997317,0.005068659890270055,5.087318268317265e-05
2022-03-29 16:00:00,0.0021276158857119754,99.63536506903641,2.1354023084451694e-05,-0.0011349309635875215,0.005899999999996908,0.0021276158857119754,2.1354023084451694e-05
2022-03-29 16:30:00,0.013760134380873978,99.64912520341728,0.00013808585226197348,0.007625203417291004,0.0049999999999954525,0.013760134380873978,0.00013808585226197348
2022-03-29 17:00:00,0.008313242532381082,99.65743844594967,8.341818395111433e-05,0.006738445949665106,0.00920000000000698,0.008313242532381082,8.341818395111433e-05
2022-03-29 17:30:00,0.020790932725574862,99.67822937867524,0.0002085804779556286,0.0036293786752423784,0.02389999999999759,0.020790932725574862,0.0002085804779556286
2022-03-29 18:00:00,0.005071404940835578,99.68330078361608,5.087517067521818e-05,0.00420078361607068,0.004500000000007276,0.005071404940835578,5.087517067521818e-05
2022-03-29 19:00:00,0.016132645656753652,99.69943342927283,0.00016181281178692168,0.0011334292728264472,0.019199999999997885,0.016132645656753652,0.00016181281178692168
2022-03-30 09:30:00,0.06538370417032979,99.76481713344316,0.0006553783793626769,-0.0019828665568439874,0.06850000000000023,0.06538370417032979,0.0006553783793626769
2022-03-30 10:00:00,0.007835455383826684,99.77265258882699,7.853309680075735e-05,0.0058525888269826964,0.0,0.007835455383826684,7.853309680075735e-05
2022-03-30 10:30:00,-0.012486754923017429,99.76016583390397,-0.00012516774424580743,-0.014034166096024592,0.007399999999989859,-0.012486754923017429,-0.00012516774424580743
2022-03-30 11:00:00,-0.00680053943187886,99.75336529447209,-6.81735339134039e-05,-0.0010347055279140704,-0.01979999999998938,-0.00680053943187886,-6.81735339134039e-05
2022-03-30 11:30:00,0.006477496367011781,99.7598427908391,6.493089990721804e-05,0.000542790839105578,0.004899999999992133,0.006477496367011781,6.493089990721804e-05
2022-03-30 12:00:00,0.005923504308299243,99.7657662951474,5.937411727761532e-05,0.0005662951474079136,0.005899999999996908,0.005923504308299243,5.937411727761532e-05
2022-03-30 14:00:00,0.05382552297986365,99.81959181812726,0.0005392280413041012,0.048591818127263764,0.005800000000007799,0.05382552297986365,0.0005392280413041012
2022-03-30 14:30:00,0.019783680145550875,99.83937549827282,0.0001981550870767729,-0.019524501727190113,0.08790000000000475,0.019783680145550875,0.0001981550870767729
2022-03-30 15:00:00,-0.01680105036817281,99.82257444790464,-0.00016830912707967608,-0.011225552095353919,-0.025100000000009004,-0.01680105036817281,-0.00016830912707967608
2022-03-30 15:30:00,0.014115474068091771,99.83668992197273,0.00014138563767612594,0.023889921972738648,-0.021000000000000796,0.014115474068091771,0.00014138563767612594
2022-03-30 16:00:00,0.02058272677426487,99.857272648747,0.0002061214594420744,0.01097264874699988,0.03350000000000364,0.02058272677426487,0.0002061214594420744
2022-03-30 16:30:00,-0.033975495691422,99.82329715305558,-0.00034035637632093594,-0.015602846944418047,-0.00740000000000407,-0.033975495691422,-0.00034035637632093594
2022-03-30 17:00:00,-0.007839160757370678,99.8154579922982,-7.853654048229234e-05,-0.009942007701795319,-0.013499999999993406,-0.007839160757370678,-7.853654048229234e-05
2022-03-30 17:30:00,-0.015007489960964904,99.80045050233724,-0.00015037497211110726,-0.01244949766275738,-0.012500000000002842,-0.015007489960964904,-0.00015037497211110726
2022-03-30 18:00:00,0.004049497662762747,99.8045,4.057429938292108e-05,0.0,-0.008399999999994634,0.004049497662762747,4.057429938292108e-05
2022-03-30 18:30:00,9.99999999891088e-05,99.8046,1.00195782548208e-06,0.0,9.99999999891088e-05,9.99999999891088e-05,1.00195782548208e-06
2022-03-30 20:00:00,0.012300000000010414,99.8169,0.00012322562612153266,0.0,0.012300000000010414,0.012300000000010414,0.00012322562612153266
2022-03-31 09:30:00,-0.0538998613037478,99.76300013869626,-0.0005402790736927831,0.0012001386962623428,-0.05510000000001014,-0.0538998613037478,-0.0005402790736927831
2022-03-31 10:00:00,0.0017030032121851946,99.76470314190844,1.707019776085325e-05,0.002103141908435191,0.0008000000000123464,0.0017030032121851946,1.707019776085325e-05
2022-03-31 10:30:00,0.005392156649136837,99.77009529855758,5.40458203733398e-05,0.0032952985575747107,0.004199999999997317,0.005392156649136837,5.40458203733398e-05
2022-03-31 11:00:00,-0.007971072307512372,99.76212422625007,-7.990078769207855e-05,-0.004775773749940981,0.00010000000000331966,-0.007971072307512372,-7.990078769207855e-05
2022-03-31 11:30:00,-0.0017571416504438275,99.76036708459962,-1.76136245464466e-05,-0.00813291540038108,0.001599999999996271,-0.0017571416504438275,-1.76136245464466e-05
2022-03-31 12:00:00,-0.00935372729409778,99.75101335730552,-9.377074958219195e-05,-0.003286642694476427,-0.014200000000002433,-0.00935372729409778,-9.377074958219195e-05
2022-03-31 14:00:00,-0.018607796574997337,99.73240556073053,-0.00018657723605860888,-0.027694439269467352,0.005799999999993588,-0.018607796574997337,-0.00018657723605860888
2022-03-31 14:30:00,-0.004683449474114809,99.72772211125641,-4.696236287127811e-05,-0.009777888743585095,-0.022599999999997067,-0.004683449474114809,-4.696236287127811e-05
2022-03-31 15:00:00,-0.03623598864290045,99.69148612261351,-0.000363481276609045,-0.02521387738649139,-0.020799999999994156,-0.03623598864290045,-0.000363481276609045
2022-03-31 15:30:00,0.009643197117100044,99.70112931973061,9.672104200721103e-05,0.013729319730614975,-0.02930000000000632,0.009643197117100044,9.672104200721103e-05
2022-03-31 16:00:00,-0.011266569112606817,99.689862750618,-0.00011301619644909154,-0.02013724938198891,0.022599999999997067,-0.011266569112606817,-0.00011301619644909154
2022-03-31 16:30:00,-0.00350016668201647,99.68636258393599,-3.511179053272535e-05,0.011162583935984571,-0.03479999999998995,-0.00350016668201647,-3.511179053272535e-05
2022-03-31 17:00:00,-0.006963580771639499,99.67939900316435,-6.985977886381959e-05,-0.008000996835647811,0.012199999999992883,-0.006963580771639499,-6.985977886381959e-05
2022-03-31 17:30:00,-0.0045087565959391895,99.67489024656841,-4.5234628147427696e-05,-0.005009753431593822,-0.007499999999993179,-0.0045087565959391895,-4.5234628147427696e-05
2022-03-31 18:00:00,0.01010380715368342,99.6849940537221,0.00010135735322648753,0.014294053722096578,-0.00920000000000698,0.01010380715368342,0.00010135735322648753
2022-03-31 19:00:00,0.03140610606486405,99.71640015978696,0.00031495427045639897,0.0006001597869556008,0.045100000000005025,0.03140610606486405,0.00031495427045639897
