,0
0.9143063378207106,
32.35074172399389,
36.404004082604274,
23.351970008900604,
11.585559530401735,
1.7387799917141198,
,
,
,
20.169574184171385,
21.771379447421356,
13.734942046989007,
4.827409981743435,
6.82986417616246,
2.146912179446494,
3.077379603067491,
0.7147503086183229,
0.8071484502663344,
0.11072259537374271,
,
0.3875419125256855,
,
,
,
,
,
,
,
,
,
,
,
,
,
,
,
,
,
,
,
,
,
,
,
,
,
,
,
1.4663462702829533,
22.289596012697004,
33.613371232692096,
19.84912663999457,
10.57533711015076,
0.6829582065985156,
,
,
,
9.33883015101477,
13.731681217661114,
9.729306120411408,
6.605494741879344,
2.082410362635097,
2.125909108614433,
0.8731705916313001,
0.61237054207821,
0.18293401708977652,
,
,
,
0.10928183456054019,
,
,
,
,
,
,
,
,
,
,
,
,
,
,
,
,
,
,
,
,
,
,
,
,
,
,
0.4523697761447269,
24.69780703263109,
40.11828229321351,
25.410674403888244,
17.85962544198228,
0.5949963204280223,
,
,
,
9.157512344320892,
15.721929620732851,
16.943697488808564,
6.560383053609108,
4.2184937864580645,
3.384044929632305,
1.6687514531415117,
0.7414462993738676,
0.1843257151803101,
0.09048556237217789,
,
0.09048556237217789,
0.09048556237217789,
,
,
,
,
,
,
,
,
,
,
,
,
,
,
,
,
,
,
,
,
,
,
,
,
,
,
0.8729114916853047,
12.887572283554977,
27.696844960679346,
22.009364067490658,
13.739667057026823,
2.565170234447032,
,
,
,
9.475377690572307,
14.104829292751903,
7.363838594259508,
2.088335763554612,
1.5754627607220721,
1.1358784577128465,
0.5864957414146439,
0.6231127203443164,
0.11160999987031783,
0.07580139531733679,
,
,
,
,
,
,
,
,
,
,
,
,
,
,
,
,
,
,
,
,
,
,
,
,
,
,
,
,
,
,
,
,
,
,
,
,
,
,
,
,
,
,
,
,
,
,
,
,
,
,
,
,
,
,
,
,
,
,
,
,
,
,
,
,
,
,
,
,
,
,
,
,
,
,
,
,
,
,
,
,
,
,
,
,
,
,
,
,
,
,
,
,
,
,
,
,
,
,
,
,
,
,
,
,
,
,
,
,
,
,
,
,
,
,
,
,
,
,
,
,
,
,
,
,
,
0.7560851756824304,
21.23697433145209,
29.949384578595353,
21.383451615049854,
15.212609353770926,
0.13187654011195207,
,
,
,
10.116001645438349,
10.115808876508634,
7.312622310184531,
2.609925173134154,
1.4963499918946228,
0.7655591371691449,
1.1595109866729674,
0.2857122535290512,
0.2142518416332762,
0.07121982079205418,
,
,
,
,
,
,
,
,
,
,
,
,
,
,
,
,
,
,
,
,
,
,
,
,
,
,
,
,
,
0.20439003866731245,
17.5456972225128,
25.46664051395331,
16.771923112806654,
8.497125286932002,
0.3461299348465992,
,
,
,
7.450789743299783,
8.082090321262632,
5.218670438800363,
1.89420997323339,
1.6835196180602574,
1.8455291190695486,
1.3356939848134002,
0.549490585177708,
0.13811960294769496,
0.17454298118230563,
,
,
,
,
,
,
,
,
,
,
,
,
,
,
,
,
,
,
,
,
,
,
,
,
,
,
,
,
,
0.28064871701493255,
11.724945341049233,
25.22065556244996,
13.584885120399804,
7.004771564467578,
0.6613520791168236,
,
,
,
10.212074556440434,
8.100548681066691,
8.502401523754127,
1.7279999047365642,
2.14277889318142,
1.0020841991507772,
1.0020841991507772,
1.0366547441238854,
0.06563471377060281,
0.13653898799852585,
,
,
,
,
,
,
,
,
,
,
,
,
,
,
,
,
,
,
,
,
,
,
,
,
,
,
,
,
,
0.24539183722199978,
0.6409359307333571,
0.37809376108700793,
0.2752557416954254,
0.38343607943700536,
0.05795579533251794,
,
,
,
0.20174900247834385,
1.2788517976312141,
1.1605502909643064,
0.6878869167187398,
0.5160530776468483,
0.7718298641463879,
0.31825527388015745,
0.27294835373471443,
0.13736499098869423,
,
,
,
,
,
,
,
,
,
,
,
,
,
,
,
,
,
,
,
,
,
,
,
,
,
,
,
,
,
,
0.11571559085271048,
0.7675932162356089,
0.9477008736700859,
0.7828234944335172,
1.449807889090705,
0.1152936937399837,
,
,
,
0.753822276187686,
2.255837818194405,
2.5166847137953643,
1.4058969781126525,
1.3147861707838961,
2.677889680121996,
1.2229338302204014,
0.6113682745842871,
0.6113682745842871,
,
,
,
,
,
,
,
,
,
,
,
,
,
,
,
,
,
,
,
,
,
,
,
,
,
,
,
,
,
,
,
,
,
,
,
,
,
,
,
,
,
,
,
,
,
,
,
,
,
,
,
,
,
,
,
,
,
,
,
,
,
,
,
,
,
,
,
,
,
,
,
,
,
,
,
,
,
,
,
,
,
,
,
,
,
,
,
,
,
,
,
,
,
,
,
,
,
,
,
,
,
,
,
,
,
,
,
,
,
,
,
,
,
,
,
,
,
,
,
,
,
,
,
,
,
,
0.08670077928123081,
0.262337213392325,
0.23503839793604614,
0.6079999993511609,
0.3071913997085295,
0.12138807286082744,
,
,
,
1.078062970191606,
1.0799576680339393,
0.9452854297575495,
1.0799576680339393,
0.2744676312641388,
0.4523641783368695,
0.3187424033200192,
0.18688488161745742,
0.14416544802784545,
,
0.10335398394075268,
,
,
,
,
,
,
,
,
,
,
,
,
,
,
,
,
,
,
,
,
,
,
,
,
,
,
,
,
1.769930699829278,
7.195986131394415,
10.782533089806698,
13.344748401681246,
6.229786881144617,
0.09690024430295982,
,
,
,
3.3861299842789,
3.5555277390752744,
3.4377180867218855,
2.200219846290976,
1.6971883199579898,
0.5019258277822723,
0.5649112765540736,
1.3198796228158642,
0.05396276155151072,
0.1215317182350085,
,
,
,
,
,
,
,
,
,
,
,
,
,
,
,
,
,
,
,
,
,
,
,
,
,
,
,
,
,
0.5762102175402605,
7.2173286332100695,
14.272317485624491,
11.069408859668222,
8.084911166439563,
1.2674062446945344,
,
,
,
9.88387087082844,
5.439624710053023,
6.119588361126481,
3.3317244984997174,
2.583748807145862,
3.6056292059479285,
1.8841787120642581,
0.5068337644158527,
0.43428030804517576,
,
,
,
,
,
,
,
,
,
,
,
,
,
,
,
,
,
,
,
,
,
,
,
,
,
,
,
,
,
,
0.5747999932562272,
13.729803756087952,
23.01297927252175,
16.530975802297615,
8.092844791530478,
0.22799650141344568,
,
,
,
6.596986065846275,
7.709291778682624,
6.443564298625739,
4.48742619458924,
2.684668029120222,
1.1502252242260258,
0.8816108591909141,
0.6512850723264545,
0.22799650141344568,
0.11073635458088653,
,
,
,
,
,
,
,
,
,
,
,
,
,
,
,
,
,
,
,
,
,
,
,
,
,
,
,
,
,
1.9808040049415108,
10.29416626514814,
14.472513786053172,
18.479351297244463,
9.69974952349634,
0.34532299480142453,
,
,
,
9.393038700463295,
9.69974952349634,
6.555964994354123,
1.0735767596978092,
2.6454192020108445,
1.6869671255320262,
1.5719545346983859,
1.6212762465832673,
0.18379962691458027,
0.09266558121276205,
0.09266558121276205,
0.09266558121276205,
,
,
,
,
,
,
,
,
,
,
,
,
,
,
,
,
,
,
,
,
,
,
,
,
,
,
,
,
,
,
,
,
,
,
,
,
,
,
,
,
,
,
,
,
,
,
,
,
,
,
,
,
,
,
,
,
,
,
,
,
,
,
,
,
,
,
,
,
,
,
,
,
,
,
,
,
,
,
,
,
,
,
,
,
,
,
,
,
,
,
,
,
,
,
,
,
,
,
,
,
,
,
,
,
,
,
,
,
,
,
,
,
,
,
,
,
,
,
,
,
,
,
,
0.5664375265239051,
5.764420796379637,
9.411219349092008,
9.10342984339987,
5.767988150507736,
0.04504516389716213,
,
,
,
5.090865935272272,
7.933136798951949,
4.093135543502058,
1.7873983956828459,
0.3100918942835124,
0.7250408123253201,
0.3360586094998471,
0.23211074831075804,
0.17999733234003473,
0.04688185828215678,
0.013583074090653662,
0.04688185828215678,
0.15386444835581542,
,
,
,
,
,
,
,
,
,
,
,
,
,
,
,
,
,
,
,
,
,
,
,
,
,
,
0.5049136748526862,
16.83467508835699,
18.231785952604955,
14.376721016819426,
9.999911063399402,
0.49173105524221505,
,
,
,
8.956430986868178,
11.095510785944455,
7.012939921995648,
1.8212856101149577,
0.9406060952320214,
1.4872707437421329,
0.6063591424260956,
0.3019341564860629,
0.17937680332971787,
0.05178743991265883,
,
,
,
,
,
,
,
,
,
,
,
,
,
,
,
,
,
,
,
,
,
,
,
,
,
,
,
,
,
0.5200035869068536,
11.567460867792517,
15.778277123355736,
8.919214153349078,
3.635560480607896,
0.7998815740854957,
,
,
,
4.25054761735167,
7.586003609550616,
4.785234846513522,
2.2540378140151054,
0.52774627494677,
0.8179227499204269,
0.21129330684218647,
0.6332615011783108,
0.13228412300045023,
0.10599377435239109,
0.07976441620830257,
,
,
,
,
,
,
,
,
,
,
,
,
,
,
,
,
,
,
,
,
,
,
,
,
,
,
,
,
0.8714894176618299,
11.122767351351227,
13.682190326462022,
11.592688642706118,
6.607388981921649,
0.3037076826907772,
,
,
,
7.346568695069174,
11.61922218853792,
8.30356272854193,
5.784281698563313,
1.8768000591511058,
1.9824038778269757,
0.5260874027682563,
0.4856438779503939,
0.2430726356796387,
0.2430726356796387,
,
,
,
,
,
,
,
,
,
,
,
,
,
,
,
,
,
,
,
,
,
,
,
,
,
,
,
,
,
0.7333469433800629,
10.666768690569706,
11.476389291184633,
9.112591741206668,
3.562794751396591,
0.13632165452639464,
,
,
,
6.422764160407345,
5.901943086315627,
4.737078610332285,
1.5013110371606992,
1.2942143962549253,
0.7505585620635277,
0.3621331687856615,
0.20661719516093,
,
0.049862069483540224,
,
0.049862069483540224,
,
,
,
,
,
,
,
,
,
,
,
,
,
,
,
,
,
,
,
,
,
,
,
,
,
,
,
,
,
,
,
,
,
,
,
,
,
,
,
,
,
,
,
,
,
,
,
,
,
,
,
,
,
,
,
,
,
,
,
,
,
,
,
,
,
,
,
,
,
,
,
,
,
,
,
,
,
,
,
,
,
,
,
,
,
,
,
,
,
,
,
,
,
,
,
,
,
,
,
,
,
,
,
,
,
,
,
,
,
,
,
,
,
,
,
,
,
,
,
,
,
,
,
0.8305301699544192,
9.599005864174904,
17.87554973493171,
12.175448937937972,
6.178955604781017,
0.274494048643656,
,
,
,
6.054338522111423,
5.476978917942625,
6.897672890997694,
1.6473449158922566,
0.8496227383297092,
1.3385295949797198,
0.4380931200201667,
0.3096371852142284,
0.1305665371958193,
0.05600780056173592,
,
,
,
,
,
,
,
,
,
,
,
,
,
,
,
,
,
,
,
,
,
,
,
,
,
,
,
,
,
0.12122698011545559,
7.799952431475,
12.95329737679302,
8.192455637845221,
5.6729391455571925,
0.18250369045128131,
,
,
,
4.684766642818558,
4.967518983107318,
3.8528591936079692,
2.1566411333342725,
1.017762965547432,
1.017762965547432,
1.35519680178573,
0.6816753528211649,
0.1823727031197717,
,
0.09521405576969814,
,
,
,
,
,
,
,
,
,
,
,
,
,
,
,
,
,
,
,
,
,
,
,
,
,
,
,
,
0.1867339128210293,
5.158423458900244,
8.831858349712181,
11.411401400402385,
4.303763397275641,
0.3695895755095839,
,
,
,
9.97438879417158,
8.385732871913875,
6.518337480331364,
3.488244341082171,
1.4843175853547135,
1.1349694333276323,
0.6032604383440601,
0.6741366431167577,
0.07448023472360714,
0.04212989418945067,
,
,
0.07448023472360714,
,
,
,
,
,
,
,
,
,
,
,
,
,
,
,
,
,
,
,
,
,
,
,
,
,
,
0.38406821387962886,
9.330042023626051,
11.782144477535653,
14.288990755916677,
3.9106206968891195,
0.27497814329779824,
,
,
,
5.917314370711709,
7.3564968633025805,
10.963120290229405,
3.3110857194238097,
2.295136140236353,
1.8812219266716663,
1.392034907510666,
0.5263688170111541,
0.45104782767197277,
,
0.11097443893751475,
